"TOA5","CR1000","CR1000","91760","CR1000.Std.32.03","CPU:CR1000_SoilVUEOnly.CR1","4114","Soil"
"TIMESTAMP","RECORD","VWC_5cm","Ka_5cm","T_5cm","BulkEC_5cm","VWC_10cm","Ka_10cm","T_10cm","BulkEC_10cm","VWC_20cm","Ka_20cm","T_20cm","BulkEC_20cm","VWC_30cm","Ka_30cm","T_30cm","BulkEC_30cm","VWC_40cm","Ka_40cm","T_40cm","BulkEC_40cm","VWC_50cm","Ka_50cm","T_50cm","BulkEC_50cm","VWC_60cm","Ka_60cm","T_60cm","BulkEC_60cm","VWC_75cm","Ka_75cm","T_75cm","BulkEC_75cm","VWC_100cm","Ka_100cm","T_100cm","BulkEC_100cm"
"TS","RN","m^3/m^3","unitless","Deg C","dS/m","m^3/m^3","unitless","Deg C","dS/m","m^3/m^3","unitless","Deg C","dS/m","m^3/m^3","unitless","Deg C","dS/m","m^3/m^3","unitless","Deg C","dS/m","m^3/m^3","unitless","Deg C","dS/m","m^3/m^3","unitless","Deg C","dS/m","m^3/m^3","unitless","Deg C","dS/m","m^3/m^3","unitless","Deg C","dS/m"
"","","Smp","Smp","Smp","Smp","Smp","Smp","Smp","Smp","Smp","Smp","Smp","Smp","Smp","Smp","Smp","Smp","Smp","Smp","Smp","Smp","Smp","Smp","Smp","Smp","Smp","Smp","Smp","Smp","Smp","Smp","Smp","Smp","Smp","Smp","Smp","Smp"
"2020-08-17 08:00:00",0,0,2.264,15.31,0,0.033,3.355,17.44,0,0.038,3.518,18.8,0,0.058,4.217,18.8,0,0.02,2.967,18.24,0,0.073,4.777,17.59,0,0.083,5.153,16.7,0,0.014,2.772,15.48,0,0,1.093,13.8,0
"2020-08-17 08:30:00",1,0,2.264,15.31,0,0.033,3.355,17.44,0,0.038,3.518,18.8,0,0.058,4.217,18.8,0,0.02,2.967,18.24,0,0.073,4.777,17.59,0,0.083,5.153,16.7,0,0.014,2.772,15.48,0,0,1.093,13.8,0
"2020-08-17 09:00:00",2,0,2.315,16.7,0,0.033,3.367,17.46,0,0.035,3.427,18.67,0,0.058,4.228,18.69,0,0.02,2.959,18.24,0,0.075,4.84,17.59,0,0.078,4.981,16.72,0,0.012,2.722,15.5,0,0,1.093,13.8,0
"2020-08-17 09:30:00",3,0,2.315,16.7,0,0.033,3.367,17.46,0,0.035,3.427,18.67,0,0.058,4.228,18.69,0,0.02,2.959,18.24,0,0.075,4.84,17.59,0,0.078,4.981,16.72,0,0.012,2.722,15.5,0,0,1.093,13.8,0
"2020-08-17 10:00:00",4,0.003,2.474,17.41,0,0.031,3.288,17.64,0,0.04,3.607,18.59,0,0.057,4.201,18.67,0,0.021,2.983,18.19,0,0.076,4.897,17.54,0,0.085,5.255,16.72,0,0.012,2.732,15.53,0,0,1.137,13.77,0
"2020-08-17 10:30:00",5,0.003,2.474,17.41,0,0.031,3.288,17.64,0,0.04,3.607,18.59,0,0.057,4.201,18.67,0,0.021,2.983,18.19,0,0.076,4.897,17.54,0,0.085,5.255,16.72,0,0.012,2.732,15.53,0,0,1.137,13.77,0
"2020-08-17 11:00:00",6,0.004,2.492,18.3,0,0.028,3.202,17.8,0,0.036,3.479,18.51,0,0.057,4.186,18.59,0,0.021,2.978,18.17,0,0.072,4.725,17.54,0,0.083,5.156,16.72,0,0.017,2.861,15.5,0,0,1.1,13.77,0
"2020-08-17 11:30:00",7,0.004,2.492,18.3,0,0.028,3.202,17.8,0,0.036,3.479,18.51,0,0.057,4.186,18.59,0,0.021,2.978,18.17,0,0.072,4.725,17.54,0,0.083,5.156,16.72,0,0.017,2.861,15.5,0,0,1.1,13.77,0
"2020-08-17 12:00:00",8,0.007,2.592,20.43,0,0.027,3.176,18.3,0,0.037,3.508,18.43,0,0.06,4.284,18.56,0,0.02,2.947,18.17,0,0.072,4.748,17.59,0,0.085,5.258,16.67,0,0.013,2.747,15.5,0,0,1.122,13.8,0
"2020-08-17 12:30:00",9,0.007,2.592,20.43,0,0.027,3.176,18.3,0,0.037,3.508,18.43,0,0.06,4.284,18.56,0,0.02,2.947,18.17,0,0.072,4.748,17.59,0,0.085,5.258,16.67,0,0.013,2.747,15.5,0,0,1.122,13.8,0
"2020-08-17 13:00:00",10,0.008,2.597,23.48,0,0.031,3.296,19.12,0,0.038,3.526,18.45,0,0.064,4.451,18.48,0,0.018,2.909,18.14,0,0.074,4.835,17.54,0,0.083,5.156,16.72,0,0.014,2.796,15.53,0,0,1.074,13.8,0
"2020-08-17 13:30:00",11,0.008,2.597,23.48,0,0.031,3.296,19.12,0,0.038,3.526,18.45,0,0.064,4.451,18.48,0,0.018,2.909,18.14,0,0.074,4.835,17.54,0,0.083,5.156,16.72,0,0.014,2.796,15.53,0,0,1.074,13.8,0
"2020-08-17 14:00:00",12,0.01,2.667,25.6,0,0.032,3.33,20.18,0,0.037,3.501,18.53,0,0.06,4.303,18.45,0,0.018,2.894,18.11,0,0.072,4.757,17.54,0,0.086,5.301,16.72,0,0.015,2.803,15.5,0,0,1.166,13.77,0
"2020-08-17 14:30:00",13,0.01,2.667,25.6,0,0.032,3.33,20.18,0,0.037,3.501,18.53,0,0.06,4.303,18.45,0,0.018,2.894,18.11,0,0.072,4.757,17.54,0,0.086,5.301,16.72,0,0.015,2.803,15.5,0,0,1.166,13.77,0
"2020-08-17 15:00:00",14,0.009,2.625,26.32,0,0.033,3.358,20.85,0,0.04,3.601,18.67,0,0.061,4.315,18.4,0,0.022,3.023,18.09,0,0.074,4.814,17.57,0,0.085,5.233,16.72,0,0.011,2.687,15.55,0,0,1.115,13.82,0
"2020-08-17 15:30:00",15,0.009,2.625,26.32,0,0.033,3.358,20.85,0,0.04,3.601,18.67,0,0.061,4.315,18.4,0,0.022,3.023,18.09,0,0.074,4.814,17.57,0,0.085,5.233,16.72,0,0.011,2.687,15.55,0,0,1.115,13.82,0
"2020-08-17 16:00:00",16,0.005,2.53,26.69,0,0.032,3.336,21.53,0,0.041,3.636,18.8,0,0.055,4.12,18.43,0,0.021,2.99,18.03,0,0.075,4.847,17.54,0,0.085,5.261,16.67,0,0.008,2.614,15.55,0,0,1.097,13.82,0
"2020-08-17 16:30:00",17,0.005,2.53,26.69,0,0.032,3.336,21.53,0,0.041,3.636,18.8,0,0.055,4.12,18.43,0,0.021,2.99,18.03,0,0.075,4.847,17.54,0,0.085,5.261,16.67,0,0.008,2.614,15.55,0,0,1.097,13.82,0
"2020-08-17 17:00:00",18,0.005,2.532,25.99,0,0.029,3.238,21.85,0,0.041,3.637,18.99,0,0.057,4.183,18.43,0,0.02,2.949,18.03,0,0.075,4.859,17.54,0,0.078,4.956,16.72,0,0.013,2.766,15.53,0,0,1.104,13.77,0
"2020-08-17 17:30:00",19,0.005,2.532,25.99,0,0.029,3.238,21.85,0,0.041,3.637,18.99,0,0.057,4.183,18.43,0,0.02,2.949,18.03,0,0.075,4.859,17.54,0,0.078,4.956,16.72,0,0.013,2.766,15.53,0,0,1.104,13.77,0
"2020-08-17 18:00:00",20,0.009,2.631,25.38,0,0.033,3.357,22,0,0.038,3.544,19.2,0,0.06,4.288,18.45,0,0.02,2.964,18.03,0,0.073,4.777,17.52,0,0.082,5.125,16.72,0,0.013,2.759,15.58,0,0,1.156,13.77,0
"2020-08-17 18:30:00",21,0.009,2.631,25.38,0,0.033,3.357,22,0,0.038,3.544,19.2,0,0.06,4.288,18.45,0,0.02,2.964,18.03,0,0.073,4.777,17.52,0,0.082,5.125,16.72,0,0.013,2.759,15.58,0,0,1.156,13.77,0
"2020-08-17 19:00:00",22,0.01,2.662,24.53,0,0.035,3.418,21.94,0,0.04,3.591,19.36,0,0.059,4.245,18.45,0,0.019,2.933,17.98,0,0.073,4.79,17.52,0,0.081,5.085,16.7,0,0.011,2.691,15.55,0,0,1.09,13.82,0
"2020-08-17 19:30:00",23,0.01,2.662,24.53,0,0.035,3.418,21.94,0,0.04,3.591,19.36,0,0.059,4.245,18.45,0,0.019,2.933,17.98,0,0.073,4.79,17.52,0,0.081,5.085,16.7,0,0.011,2.691,15.55,0,0,1.09,13.82,0
"2020-08-17 20:00:00",24,0.011,2.682,23.48,0,0.031,3.303,21.85,0,0.041,3.615,19.47,0,0.059,4.24,18.53,0,0.02,2.971,18.03,0,0.07,4.68,17.49,0,0.082,5.134,16.7,0,0.013,2.758,15.58,0,0,1.052,13.82,0
"2020-08-17 20:30:00",25,0.011,2.682,23.48,0,0.031,3.303,21.85,0,0.041,3.615,19.47,0,0.059,4.24,18.53,0,0.02,2.971,18.03,0,0.07,4.68,17.49,0,0.082,5.134,16.7,0,0.013,2.758,15.58,0,0,1.052,13.82,0
"2020-08-17 21:00:00",26,0.01,2.677,22.38,0,0.031,3.313,21.56,0,0.038,3.528,19.61,0,0.059,4.242,18.61,0,0.021,2.98,18.03,0,0.075,4.843,17.49,0,0.084,5.212,16.67,0,0.015,2.813,15.55,0,0,1.104,13.82,0
"2020-08-17 21:30:00",27,0.01,2.677,22.38,0,0.031,3.313,21.56,0,0.038,3.528,19.61,0,0.059,4.242,18.61,0,0.021,2.98,18.03,0,0.075,4.843,17.49,0,0.084,5.212,16.67,0,0.015,2.813,15.55,0,0,1.104,13.82,0
"2020-08-17 22:00:00",28,0.01,2.654,21.59,0,0.027,3.187,21.22,0,0.04,3.592,19.66,0,0.056,4.143,18.67,0,0.018,2.898,18.03,0,0.075,4.86,17.52,0,0.081,5.098,16.67,0,0.012,2.717,15.53,0,0,1.144,13.77,0
"2020-08-17 22:30:00",29,0.01,2.654,21.59,0,0.027,3.187,21.22,0,0.04,3.592,19.66,0,0.056,4.143,18.67,0,0.018,2.898,18.03,0,0.075,4.86,17.52,0,0.081,5.098,16.67,0,0.012,2.717,15.53,0,0,1.144,13.77,0
"2020-08-17 23:00:00",30,0.01,2.667,20.91,0,0.031,3.307,20.97,0,0.041,3.617,19.66,0,0.058,4.218,18.69,0,0.017,2.866,18.03,0,0.075,4.87,17.46,0,0.083,5.187,16.7,0,0.015,2.814,15.53,0,0,1.084,13.84,0
"2020-08-17 23:30:00",31,0.01,2.667,20.91,0,0.031,3.307,20.97,0,0.041,3.617,19.66,0,0.058,4.218,18.69,0,0.017,2.866,18.03,0,0.075,4.87,17.46,0,0.083,5.187,16.7,0,0.015,2.814,15.53,0,0,1.084,13.84,0
"2020-08-18 00:00:00",32,0.011,2.69,20.05,0,0.034,3.392,20.63,0,0.039,3.555,19.72,0,0.059,4.269,18.77,0,0.022,3.023,18.03,0,0.072,4.734,17.49,0,0.083,5.19,16.67,0,0.014,2.775,15.58,0,0,1.132,13.82,0
"2020-08-18 00:30:00",33,0.011,2.69,20.05,0,0.034,3.392,20.63,0,0.039,3.555,19.72,0,0.059,4.269,18.77,0,0.022,3.023,18.03,0,0.072,4.734,17.49,0,0.083,5.19,16.67,0,0.014,2.775,15.58,0,0,1.132,13.82,0
"2020-08-18 01:00:00",34,0.009,2.638,19.26,0,0.034,3.388,20.24,0,0.039,3.561,19.69,0,0.06,4.288,18.77,0,0.019,2.937,18.06,0,0.073,4.782,17.46,0,0.08,5.038,16.7,0,0.012,2.728,15.53,0,0,1.116,13.8,0
"2020-08-18 01:30:00",35,0.009,2.638,19.26,0,0.034,3.388,20.24,0,0.039,3.561,19.69,0,0.06,4.288,18.77,0,0.019,2.937,18.06,0,0.073,4.782,17.46,0,0.08,5.038,16.7,0,0.012,2.728,15.53,0,0,1.116,13.8,0
"2020-08-18 02:00:00",36,0.01,2.664,18.51,0,0.029,3.231,19.85,0,0.037,3.494,19.63,0,0.058,4.214,18.85,0,0.018,2.905,18.11,0,0.077,4.919,17.52,0,0.081,5.108,16.7,0,0.015,2.814,15.55,0,0,1.123,13.84,0
"2020-08-18 02:30:00",37,0.01,2.664,18.51,0,0.029,3.231,19.85,0,0.037,3.494,19.63,0,0.058,4.214,18.85,0,0.018,2.905,18.11,0,0.077,4.919,17.52,0,0.081,5.108,16.7,0,0.015,2.814,15.55,0,0,1.123,13.84,0
"2020-08-18 03:00:00",38,0.009,2.646,17.8,0,0.033,3.361,19.5,0,0.043,3.685,19.53,0,0.057,4.179,18.85,0,0.023,3.045,18.14,0,0.073,4.796,17.52,0,0.083,5.163,16.7,0,0.017,2.874,15.58,0,0,1.108,13.8,0
"2020-08-18 03:30:00",39,0.009,2.646,17.8,0,0.033,3.361,19.5,0,0.043,3.685,19.53,0,0.057,4.179,18.85,0,0.023,3.045,18.14,0,0.073,4.796,17.52,0,0.083,5.163,16.7,0,0.017,2.874,15.58,0,0,1.108,13.8,0
"2020-08-18 04:00:00",40,0.01,2.667,17.18,0,0.028,3.198,19.12,0,0.039,3.551,19.44,0,0.064,4.427,18.85,0,0.02,2.967,18.14,0,0.075,4.846,17.52,0,0.085,5.257,16.67,0,0.014,2.778,15.55,0,0,1.169,13.8,0
"2020-08-18 04:30:00",41,0.01,2.667,17.18,0,0.028,3.198,19.12,0,0.039,3.551,19.44,0,0.064,4.427,18.85,0,0.02,2.967,18.14,0,0.075,4.846,17.52,0,0.085,5.257,16.67,0,0.014,2.778,15.55,0,0,1.169,13.8,0
"2020-08-18 05:00:00",42,0.007,2.582,16.6,0,0.031,3.304,18.77,0,0.043,3.712,19.36,0,0.057,4.185,18.85,0,0.02,2.952,18.17,0,0.078,4.963,17.54,0,0.083,5.191,16.7,0,0.013,2.767,15.55,0,0,1.095,13.84,0
"2020-08-18 05:30:00",43,0.007,2.582,16.6,0,0.031,3.304,18.77,0,0.043,3.712,19.36,0,0.057,4.185,18.85,0,0.02,2.952,18.17,0,0.078,4.963,17.54,0,0.083,5.191,16.7,0,0.013,2.767,15.55,0,0,1.095,13.84,0
"2020-08-18 06:00:00",44,0.004,2.506,16.05,0,0.03,3.281,18.38,0,0.038,3.534,19.23,0,0.054,4.082,18.83,0,0.019,2.929,18.17,0,0.078,4.991,17.54,0,0.083,5.166,16.72,0,0.013,2.746,15.55,0,0,1.135,13.84,0
"2020-08-18 06:30:00",45,0.004,2.506,16.05,0,0.03,3.281,18.38,0,0.038,3.534,19.23,0,0.054,4.082,18.83,0,0.019,2.929,18.17,0,0.078,4.991,17.54,0,0.083,5.166,16.72,0,0.013,2.746,15.55,0,0,1.135,13.84,0
"2020-08-18 07:00:00",46,0.008,2.615,15.55,0,0.03,3.282,18.03,0,0.04,3.591,19.09,0,0.059,4.242,18.8,0,0.021,3,18.19,0,0.075,4.843,17.52,0,0.082,5.116,16.7,0,0.012,2.732,15.58,0,0,1.164,13.84,0
"2020-08-18 07:30:00",47,0.008,2.615,15.55,0,0.03,3.282,18.03,0,0.04,3.591,19.09,0,0.059,4.242,18.8,0,0.021,3,18.19,0,0.075,4.843,17.52,0,0.082,5.116,16.7,0,0.012,2.732,15.58,0,0,1.164,13.84,0
"2020-08-18 08:00:00",48,0.008,2.618,15.5,0,0.035,3.417,17.72,0,0.04,3.598,18.96,0,0.061,4.336,18.75,0,0.02,2.966,18.19,0,0.076,4.89,17.54,0,0.085,5.237,16.67,0,0.015,2.807,15.55,0,0,1.116,13.84,0
"2020-08-18 08:30:00",49,0.008,2.618,15.5,0,0.035,3.417,17.72,0,0.04,3.598,18.96,0,0.061,4.336,18.75,0,0.02,2.966,18.19,0,0.076,4.89,17.54,0,0.085,5.237,16.67,0,0.015,2.807,15.55,0,0,1.116,13.84,0
"2020-08-18 09:00:00",50,0.007,2.571,16.17,0,0.03,3.278,17.59,0,0.038,3.515,18.8,0,0.065,4.482,18.75,0,0.02,2.963,18.19,0,0.073,4.778,17.54,0,0.08,5.052,16.67,0,0.011,2.695,15.55,0,0,1.037,13.8,0
"2020-08-18 09:30:00",51,0.007,2.571,16.17,0,0.03,3.278,17.59,0,0.038,3.515,18.8,0,0.065,4.482,18.75,0,0.02,2.963,18.19,0,0.073,4.778,17.54,0,0.08,5.052,16.67,0,0.011,2.695,15.55,0,0,1.037,13.8,0
"2020-08-18 10:00:00",52,0.011,2.694,19.17,0,0.03,3.279,17.8,0,0.04,3.581,18.72,0,0.055,4.107,18.67,0,0.018,2.904,18.17,0,0.078,4.959,17.57,0,0.084,5.222,16.72,0,0.012,2.737,15.58,0,0,1.104,13.82,0
"2020-08-18 10:30:00",53,0.011,2.694,19.17,0,0.03,3.279,17.8,0,0.04,3.581,18.72,0,0.055,4.107,18.67,0,0.018,2.904,18.17,0,0.078,4.959,17.57,0,0.084,5.222,16.72,0,0.012,2.737,15.58,0,0,1.104,13.82,0
"2020-08-18 11:00:00",54,0.012,2.718,23.75,0,0.031,3.313,18.88,0,0.037,3.494,18.67,0,0.061,4.34,18.61,0,0.023,3.057,18.17,0,0.073,4.769,17.57,0,0.081,5.084,16.7,0,0.015,2.816,15.58,0,0,1.13,13.82,0
"2020-08-18 11:30:00",55,0.012,2.718,23.75,0,0.031,3.313,18.88,0,0.037,3.494,18.67,0,0.061,4.34,18.61,0,0.023,3.057,18.17,0,0.073,4.769,17.57,0,0.081,5.084,16.7,0,0.015,2.816,15.58,0,0,1.13,13.82,0
"2020-08-18 12:00:00",56,0.008,2.622,26.69,0,0.027,3.185,20.16,0,0.04,3.599,18.69,0,0.059,4.259,18.56,0,0.018,2.898,18.14,0,0.074,4.817,17.57,0,0.079,5.015,16.7,0,0.013,2.759,15.6,0,0,1.128,13.87,0
"2020-08-18 12:30:00",57,0.008,2.622,26.69,0,0.027,3.185,20.16,0,0.04,3.599,18.69,0,0.059,4.259,18.56,0,0.018,2.898,18.14,0,0.074,4.817,17.57,0,0.079,5.015,16.7,0,0.013,2.759,15.6,0,0,1.128,13.87,0
"2020-08-18 13:00:00",58,0.008,2.619,28.4,0,0.033,3.373,21.33,0,0.039,3.576,18.77,0,0.062,4.37,18.56,0,0.017,2.881,18.14,0,0.075,4.866,17.57,0,0.079,5.004,16.72,0,0.011,2.705,15.6,0,0,1.106,13.84,0
"2020-08-18 13:30:00",59,0.008,2.619,28.4,0,0.033,3.373,21.33,0,0.039,3.576,18.77,0,0.062,4.37,18.56,0,0.017,2.881,18.14,0,0.075,4.866,17.57,0,0.079,5.004,16.72,0,0.011,2.705,15.6,0,0,1.106,13.84,0
"2020-08-18 14:00:00",60,0.011,2.688,29.33,0,0.032,3.323,22.23,0,0.039,3.562,18.96,0,0.059,4.26,18.51,0,0.018,2.908,18.11,0,0.076,4.911,17.54,0,0.084,5.202,16.72,0,0.012,2.71,15.6,0,0,1.123,13.84,0
"2020-08-18 14:30:00",61,0.011,2.688,29.33,0,0.032,3.323,22.23,0,0.039,3.562,18.96,0,0.059,4.26,18.51,0,0.018,2.908,18.11,0,0.076,4.911,17.54,0,0.084,5.202,16.72,0,0.012,2.71,15.6,0,0,1.123,13.84,0
"2020-08-18 15:00:00",62,0.008,2.613,30.43,0,0.032,3.335,23.03,0,0.038,3.531,19.17,0,0.06,4.282,18.51,0,0.018,2.9,18.11,0,0.073,4.785,17.54,0,0.087,5.349,16.7,0,0.012,2.737,15.6,0,0,1.129,13.82,0
"2020-08-18 15:30:00",63,0.008,2.613,30.43,0,0.032,3.335,23.03,0,0.038,3.531,19.17,0,0.06,4.282,18.51,0,0.018,2.9,18.11,0,0.073,4.785,17.54,0,0.087,5.349,16.7,0,0.012,2.737,15.6,0,0,1.129,13.82,0
"2020-08-18 16:00:00",64,0.013,2.75,31.08,0,0.031,3.295,23.72,0,0.04,3.58,19.47,0,0.059,4.24,18.56,0,0.019,2.941,18.06,0,0.073,4.78,17.54,0,0.083,5.183,16.7,0,0.014,2.777,15.58,0,0,1.114,13.82,0
"2020-08-18 16:30:00",65,0.013,2.75,31.08,0,0.031,3.295,23.72,0,0.04,3.58,19.47,0,0.059,4.24,18.56,0,0.019,2.941,18.06,0,0.073,4.78,17.54,0,0.083,5.183,16.7,0,0.014,2.777,15.58,0,0,1.114,13.82,0
"2020-08-18 17:00:00",66,0.012,2.73,29.91,0,0.03,3.267,24.15,0,0.039,3.571,19.74,0,0.059,4.261,18.61,0,0.019,2.922,18.09,0,0.075,4.869,17.52,0,0.089,5.434,16.72,0,0.009,2.64,15.58,0,0,1.081,13.87,0
"2020-08-18 17:30:00",67,0.012,2.73,29.91,0,0.03,3.267,24.15,0,0.039,3.571,19.74,0,0.059,4.261,18.61,0,0.019,2.922,18.09,0,0.075,4.869,17.52,0,0.089,5.434,16.72,0,0.009,2.64,15.58,0,0,1.081,13.87,0
"2020-08-18 18:00:00",68,0.007,2.59,28.75,0,0.031,3.316,24.18,0,0.039,3.552,19.99,0,0.062,4.356,18.67,0,0.019,2.928,18.09,0,0.073,4.766,17.52,0,0.078,4.977,16.7,0,0.011,2.688,15.6,0,0,1.086,13.84,0
"2020-08-18 18:30:00",69,0.007,2.59,28.75,0,0.031,3.316,24.18,0,0.039,3.552,19.99,0,0.062,4.356,18.67,0,0.019,2.928,18.09,0,0.073,4.766,17.52,0,0.078,4.977,16.7,0,0.011,2.688,15.6,0,0,1.086,13.84,0
"2020-08-18 19:00:00",70,0.009,2.629,27.57,0,0.032,3.329,24.09,0,0.038,3.524,20.21,0,0.066,4.51,18.77,0,0.019,2.943,18.06,0,0.074,4.817,17.52,0,0.081,5.082,16.7,0,0.013,2.763,15.58,0,0,1.146,13.84,0
"2020-08-18 19:30:00",71,0.009,2.629,27.57,0,0.032,3.329,24.09,0,0.038,3.524,20.21,0,0.066,4.51,18.77,0,0.019,2.943,18.06,0,0.074,4.817,17.52,0,0.081,5.082,16.7,0,0.013,2.763,15.58,0,0,1.146,13.84,0
"2020-08-18 20:00:00",72,0.008,2.612,26.26,0,0.03,3.281,23.78,0,0.04,3.61,20.38,0,0.061,4.312,18.85,0,0.02,2.965,18.11,0,0.078,4.971,17.52,0,0.085,5.233,16.7,0,0.012,2.718,15.58,0,0,1.037,13.87,0
"2020-08-18 20:30:00",73,0.008,2.612,26.26,0,0.03,3.281,23.78,0,0.04,3.61,20.38,0,0.061,4.312,18.85,0,0.02,2.965,18.11,0,0.078,4.971,17.52,0,0.085,5.233,16.7,0,0.012,2.718,15.58,0,0,1.037,13.87,0
"2020-08-18 21:00:00",74,0.009,2.639,24.65,0,0.034,3.384,23.42,0,0.043,3.682,20.52,0,0.057,4.185,18.96,0,0.022,3.017,18.14,0,0.075,4.857,17.52,0,0.082,5.126,16.7,0,0.011,2.685,15.6,0,0,1.123,13.89,0
"2020-08-18 21:30:00",75,0.009,2.639,24.65,0,0.034,3.384,23.42,0,0.043,3.682,20.52,0,0.057,4.185,18.96,0,0.022,3.017,18.14,0,0.075,4.857,17.52,0,0.082,5.126,16.7,0,0.011,2.685,15.6,0,0,1.123,13.89,0
"2020-08-18 22:00:00",76,0.004,2.494,23.33,0,0.032,3.348,22.97,0,0.04,3.581,20.6,0,0.06,4.304,19.09,0,0.018,2.905,18.19,0,0.071,4.69,17.54,0,0.084,5.215,16.75,0,0.014,2.789,15.58,0,0,1.16,13.89,0
"2020-08-18 22:30:00",77,0.004,2.494,23.33,0,0.032,3.348,22.97,0,0.04,3.581,20.6,0,0.06,4.304,19.09,0,0.018,2.905,18.19,0,0.071,4.69,17.54,0,0.084,5.215,16.75,0,0.014,2.789,15.58,0,0,1.16,13.89,0
"2020-08-18 23:00:00",78,0.006,2.546,22.11,0,0.033,3.354,22.43,0,0.035,3.437,20.63,0,0.062,4.361,19.17,0,0.022,3.023,18.24,0,0.074,4.818,17.57,0,0.086,5.284,16.75,0,0.013,2.741,15.6,0,0,1.07,13.87,0
"2020-08-18 23:30:00",79,0.006,2.546,22.11,0,0.033,3.354,22.43,0,0.035,3.437,20.63,0,0.062,4.361,19.17,0,0.022,3.023,18.24,0,0.074,4.818,17.57,0,0.086,5.284,16.75,0,0.013,2.741,15.6,0,0,1.07,13.87,0
"2020-08-19 00:00:00",80,0.009,2.636,21.16,0,0.034,3.388,21.94,0,0.041,3.616,20.66,0,0.06,4.299,19.23,0,0.018,2.898,18.24,0,0.078,4.963,17.57,0,0.083,5.179,16.75,0,0.012,2.725,15.58,0,0,1.186,13.89,0
"2020-08-19 00:30:00",81,0.009,2.636,21.16,0,0.034,3.388,21.94,0,0.041,3.616,20.66,0,0.06,4.299,19.23,0,0.018,2.898,18.24,0,0.078,4.963,17.57,0,0.083,5.179,16.75,0,0.012,2.725,15.58,0,0,1.186,13.89,0
"2020-08-19 01:00:00",82,0.004,2.487,20.4,0,0.032,3.334,21.45,0,0.04,3.59,20.6,0,0.059,4.256,19.31,0,0.019,2.928,18.32,0,0.076,4.888,17.59,0,0.084,5.201,16.75,0,0.014,2.771,15.63,0,0,1.051,13.87,0
"2020-08-19 01:30:00",83,0.004,2.487,20.4,0,0.032,3.334,21.45,0,0.04,3.59,20.6,0,0.059,4.256,19.31,0,0.019,2.928,18.32,0,0.076,4.888,17.59,0,0.084,5.201,16.75,0,0.014,2.771,15.63,0,0,1.051,13.87,0
"2020-08-19 02:00:00",84,0.004,2.508,19.74,0,0.034,3.405,21.05,0,0.041,3.638,20.52,0,0.06,4.312,19.34,0,0.019,2.929,18.38,0,0.077,4.939,17.59,0,0.083,5.169,16.7,0,0.014,2.774,15.6,0,0,1.074,13.89,0
"2020-08-19 02:30:00",85,0.004,2.508,19.74,0,0.034,3.405,21.05,0,0.041,3.638,20.52,0,0.06,4.312,19.34,0,0.019,2.929,18.38,0,0.077,4.939,17.59,0,0.083,5.169,16.7,0,0.014,2.774,15.6,0,0,1.074,13.89,0
"2020-08-19 03:00:00",86,0.011,2.692,19.09,0,0.028,3.223,20.66,0,0.038,3.514,20.43,0,0.061,4.33,19.42,0,0.023,3.041,18.4,0,0.074,4.83,17.62,0,0.082,5.132,16.78,0,0.013,2.738,15.63,0,0,1.112,13.87,0
"2020-08-19 03:30:00",87,0.011,2.692,19.09,0,0.028,3.223,20.66,0,0.038,3.514,20.43,0,0.061,4.33,19.42,0,0.023,3.041,18.4,0,0.074,4.83,17.62,0,0.082,5.132,16.78,0,0.013,2.738,15.63,0,0,1.112,13.87,0
"2020-08-19 04:00:00",88,0.01,2.664,18.56,0,0.032,3.343,20.27,0,0.043,3.692,20.32,0,0.061,4.333,19.42,0,0.02,2.947,18.43,0,0.073,4.795,17.64,0,0.085,5.233,16.72,0,0.012,2.716,15.63,0,0,1.09,13.91,0
"2020-08-19 04:30:00",89,0.01,2.664,18.56,0,0.032,3.343,20.27,0,0.043,3.692,20.32,0,0.061,4.333,19.42,0,0.02,2.947,18.43,0,0.073,4.795,17.64,0,0.085,5.233,16.72,0,0.012,2.716,15.63,0,0,1.09,13.91,0
"2020-08-19 05:00:00",90,0.006,2.555,18.03,0,0.029,3.247,19.88,0,0.038,3.529,20.21,0,0.059,4.248,19.42,0,0.021,3,18.45,0,0.075,4.852,17.64,0,0.083,5.179,16.78,0,0.016,2.84,15.6,0,0,1.093,13.89,0
"2020-08-19 05:30:00",91,0.006,2.555,18.03,0,0.029,3.247,19.88,0,0.038,3.529,20.21,0,0.059,4.248,19.42,0,0.021,3,18.45,0,0.075,4.852,17.64,0,0.083,5.179,16.78,0,0.016,2.84,15.6,0,0,1.093,13.89,0
"2020-08-19 06:00:00",92,0.008,2.62,17.52,0,0.032,3.338,19.55,0,0.039,3.572,20.1,0,0.058,4.21,19.42,0,0.02,2.963,18.45,0,0.072,4.725,17.7,0,0.082,5.13,16.75,0,0.012,2.733,15.63,0,0,1.126,13.91,0
"2020-08-19 06:30:00",93,0.008,2.62,17.52,0,0.032,3.338,19.55,0,0.039,3.572,20.1,0,0.058,4.21,19.42,0,0.02,2.963,18.45,0,0.072,4.725,17.7,0,0.082,5.13,16.75,0,0.012,2.733,15.63,0,0,1.126,13.91,0
"2020-08-19 07:00:00",94,0.008,2.61,17.23,0,0.03,3.272,19.23,0,0.039,3.575,19.94,0,0.061,4.314,19.36,0,0.021,2.999,18.48,0,0.074,4.804,17.7,0,0.083,5.176,16.75,0,0.016,2.838,15.63,0,0,1.144,13.89,0
"2020-08-19 07:30:00",95,0.008,2.61,17.23,0,0.03,3.272,19.23,0,0.039,3.575,19.94,0,0.061,4.314,19.36,0,0.021,2.999,18.48,0,0.074,4.804,17.7,0,0.083,5.176,16.75,0,0.016,2.838,15.63,0,0,1.144,13.89,0
"2020-08-19 08:00:00",96,0.01,2.673,16.95,0,0.032,3.339,18.96,0,0.038,3.533,19.83,0,0.058,4.216,19.36,0,0.02,2.955,18.53,0,0.074,4.836,17.7,0,0.08,5.062,16.8,0,0.013,2.762,15.63,0,0,1.058,13.87,0
"2020-08-19 08:30:00",97,0.01,2.673,16.95,0,0.032,3.339,18.96,0,0.038,3.533,19.83,0,0.058,4.216,19.36,0,0.02,2.955,18.53,0,0.074,4.836,17.7,0,0.08,5.062,16.8,0,0.013,2.762,15.63,0,0,1.058,13.87,0
"2020-08-19 09:00:00",98,0.01,2.66,17.18,0,0.032,3.342,18.75,0,0.041,3.623,19.66,0,0.058,4.214,19.31,0,0.018,2.897,18.51,0,0.074,4.833,17.7,0,0.083,5.158,16.8,0,0.013,2.738,15.6,0,0,1.068,13.87,0
"2020-08-19 09:30:00",99,0.01,2.66,17.18,0,0.032,3.342,18.75,0,0.041,3.623,19.66,0,0.058,4.214,19.31,0,0.018,2.897,18.51,0,0.074,4.833,17.7,0,0.083,5.158,16.8,0,0.013,2.738,15.6,0,0,1.068,13.87,0
"2020-08-19 10:00:00",100,0.01,2.674,20.24,0,0.033,3.354,18.88,0,0.038,3.536,19.58,0,0.057,4.175,19.28,0,0.022,3.025,18.53,0,0.073,4.764,17.75,0,0.085,5.263,16.8,0,0.016,2.843,15.63,0,0,1.112,13.89,0
"2020-08-19 10:30:00",101,0.01,2.674,20.24,0,0.033,3.354,18.88,0,0.038,3.536,19.58,0,0.057,4.175,19.28,0,0.022,3.025,18.53,0,0.073,4.764,17.75,0,0.085,5.263,16.8,0,0.016,2.843,15.63,0,0,1.112,13.89,0
"2020-08-19 11:00:00",102,0.01,2.67,23.42,0,0.031,3.315,19.77,0,0.037,3.502,19.44,0,0.06,4.278,19.23,0,0.02,2.971,18.51,0,0.075,4.851,17.75,0,0.081,5.099,16.83,0,0.012,2.732,15.65,0,0,1.099,13.87,0
"2020-08-19 11:30:00",103,0.01,2.67,23.42,0,0.031,3.315,19.77,0,0.037,3.502,19.44,0,0.06,4.278,19.23,0,0.02,2.971,18.51,0,0.075,4.851,17.75,0,0.081,5.099,16.83,0,0.012,2.732,15.65,0,0,1.099,13.87,0
"2020-08-19 12:00:00",104,0.013,2.741,26.65,0,0.033,3.366,20.85,0,0.039,3.579,19.5,0,0.063,4.387,19.17,0,0.021,2.98,18.51,0,0.077,4.916,17.77,0,0.08,5.042,16.83,0,0.011,2.688,15.65,0,0,1.144,13.91,0
"2020-08-19 12:30:00",105,0.013,2.741,26.65,0,0.033,3.366,20.85,0,0.039,3.579,19.5,0,0.063,4.387,19.17,0,0.021,2.98,18.51,0,0.077,4.916,17.77,0,0.08,5.042,16.83,0,0.011,2.688,15.65,0,0,1.144,13.91,0
"2020-08-19 13:00:00",106,0.011,2.681,29.51,0,0.035,3.435,22.05,0,0.038,3.54,19.58,0,0.058,4.229,19.15,0,0.02,2.972,18.48,0,0.073,4.771,17.75,0,0.084,5.229,16.8,0,0.012,2.726,15.65,0,0,1.097,13.89,0
"2020-08-19 13:30:00",107,0.011,2.681,29.51,0,0.035,3.435,22.05,0,0.038,3.54,19.58,0,0.058,4.229,19.15,0,0.02,2.972,18.48,0,0.073,4.771,17.75,0,0.084,5.229,16.8,0,0.012,2.726,15.65,0,0,1.097,13.89,0
"2020-08-19 14:00:00",108,0.01,2.669,31.39,0,0.035,3.442,23.21,0,0.043,3.687,19.74,0,0.057,4.188,19.15,0,0.022,3.032,18.48,0,0.07,4.655,17.77,0,0.082,5.131,16.83,0,0.011,2.697,15.63,0,0,1.105,13.91,0
"2020-08-19 14:30:00",109,0.01,2.669,31.39,0,0.035,3.442,23.21,0,0.043,3.687,19.74,0,0.057,4.188,19.15,0,0.022,3.032,18.48,0,0.07,4.655,17.77,0,0.082,5.131,16.83,0,0.011,2.697,15.63,0,0,1.105,13.91,0
"2020-08-19 15:00:00",110,0.008,2.613,30.47,0,0.032,3.344,24.03,0,0.041,3.624,19.99,0,0.061,4.325,19.12,0,0.021,2.98,18.48,0,0.077,4.931,17.77,0,0.081,5.112,16.85,0,0.014,2.772,15.65,0,0,1.087,13.91,0
"2020-08-19 15:30:00",111,0.008,2.613,30.47,0,0.032,3.344,24.03,0,0.041,3.624,19.99,0,0.061,4.325,19.12,0,0.021,2.98,18.48,0,0.077,4.931,17.77,0,0.081,5.112,16.85,0,0.014,2.772,15.65,0,0,1.087,13.91,0
"2020-08-19 16:00:00",112,0.011,2.701,29.18,0,0.032,3.322,24.06,0,0.037,3.498,20.18,0,0.052,3.995,19.12,0,0.019,2.926,18.48,0,0.075,4.847,17.8,0,0.082,5.151,16.85,0,0.009,2.641,15.63,0,0,1.138,13.89,0
"2020-08-19 16:30:00",113,0.011,2.701,29.18,0,0.032,3.322,24.06,0,0.037,3.498,20.18,0,0.052,3.995,19.12,0,0.019,2.926,18.48,0,0.075,4.847,17.8,0,0.082,5.151,16.85,0,0.009,2.641,15.63,0,0,1.138,13.89,0
"2020-08-19 17:00:00",114,0.011,2.701,26.89,0,0.034,3.411,23.97,0,0.04,3.603,20.38,0,0.062,4.377,19.17,0,0.021,2.982,18.45,0,0.075,4.846,17.77,0,0.081,5.092,16.85,0,0.01,2.652,15.65,0,0,1.124,13.91,0
"2020-08-19 17:30:00",115,0.011,2.701,26.89,0,0.034,3.411,23.97,0,0.04,3.603,20.38,0,0.062,4.377,19.17,0,0.021,2.982,18.45,0,0.075,4.846,17.77,0,0.081,5.092,16.85,0,0.01,2.652,15.65,0,0,1.124,13.91,0
"2020-08-19 18:00:00",116,0.009,2.632,24.87,0,0.03,3.272,23.48,0,0.04,3.601,20.54,0,0.06,4.29,19.26,0,0.019,2.934,18.48,0,0.071,4.707,17.8,0,0.079,5.002,16.83,0,0.013,2.755,15.65,0,0,1.098,13.91,0
"2020-08-19 18:30:00",117,0.009,2.632,24.87,0,0.03,3.272,23.48,0,0.04,3.601,20.54,0,0.06,4.29,19.26,0,0.019,2.934,18.48,0,0.071,4.707,17.8,0,0.079,5.002,16.83,0,0.013,2.755,15.65,0,0,1.098,13.91,0
"2020-08-19 19:00:00",118,0.005,2.528,22.91,0,0.031,3.308,22.88,0,0.04,3.58,20.57,0,0.062,4.355,19.31,0,0.019,2.942,18.51,0,0.071,4.711,17.8,0,0.085,5.26,16.88,0,0.012,2.725,15.68,0,0,1.179,13.89,0
"2020-08-19 19:30:00",119,0.005,2.528,22.91,0,0.031,3.308,22.88,0,0.04,3.58,20.57,0,0.062,4.355,19.31,0,0.019,2.942,18.51,0,0.071,4.711,17.8,0,0.085,5.26,16.88,0,0.012,2.725,15.68,0,0,1.179,13.89,0
"2020-08-19 20:00:00",120,0.002,2.44,20.57,0,0.035,3.415,22.08,0,0.039,3.572,20.63,0,0.059,4.267,19.34,0,0.021,2.992,18.53,0,0.074,4.825,17.77,0,0.082,5.113,16.88,0,0.013,2.758,15.65,0,0,1.171,13.94,0
"2020-08-19 20:30:00",121,0.002,2.44,20.57,0,0.035,3.415,22.08,0,0.039,3.572,20.63,0,0.059,4.267,19.34,0,0.021,2.992,18.53,0,0.074,4.825,17.77,0,0.082,5.113,16.88,0,0.013,2.758,15.65,0,0,1.171,13.94,0
"2020-08-19 21:00:00",122,0.006,2.547,18.43,0,0.036,3.465,21.22,0,0.035,3.446,20.6,0,0.061,4.319,19.44,0,0.019,2.926,18.53,0,0.075,4.864,17.8,0,0.083,5.181,16.9,0,0.014,2.793,15.68,0,0,1.153,13.94,0
"2020-08-19 21:30:00",123,0.006,2.547,18.43,0,0.036,3.465,21.22,0,0.035,3.446,20.6,0,0.061,4.319,19.44,0,0.019,2.926,18.53,0,0.075,4.864,17.8,0,0.083,5.181,16.9,0,0.014,2.793,15.68,0,0,1.153,13.94,0
"2020-08-19 22:00:00",124,0.003,2.481,16.83,0,0.031,3.306,20.35,0,0.038,3.542,20.46,0,0.06,4.28,19.44,0,0.019,2.931,18.56,0,0.076,4.888,17.83,0,0.077,4.949,16.88,0,0.012,2.737,15.7,0,0,1.114,13.91,0
"2020-08-19 22:30:00",125,0.003,2.481,16.83,0,0.031,3.306,20.35,0,0.038,3.542,20.46,0,0.06,4.28,19.44,0,0.019,2.931,18.56,0,0.076,4.888,17.83,0,0.077,4.949,16.88,0,0.012,2.737,15.7,0,0,1.114,13.91,0
"2020-08-19 23:00:00",126,0.007,2.576,15.7,0,0.031,3.296,19.61,0,0.041,3.62,20.32,0,0.059,4.255,19.47,0,0.02,2.953,18.59,0,0.078,4.961,17.85,0,0.081,5.11,16.88,0,0.012,2.729,15.7,0,0,1.092,13.94,0
"2020-08-19 23:30:00",127,0.007,2.576,15.7,0,0.031,3.296,19.61,0,0.041,3.62,20.32,0,0.059,4.255,19.47,0,0.02,2.953,18.59,0,0.078,4.961,17.85,0,0.081,5.11,16.88,0,0.012,2.729,15.7,0,0,1.092,13.94,0
"2020-08-20 00:00:00",128,0.002,2.441,14.73,0,0.031,3.299,18.91,0,0.037,3.501,20.16,0,0.057,4.202,19.5,0,0.018,2.909,18.61,0,0.075,4.844,17.83,0,0.08,5.068,16.9,0,0.013,2.758,15.7,0,0,1.167,13.94,0
"2020-08-20 00:30:00",129,0.002,2.441,14.73,0,0.031,3.299,18.91,0,0.037,3.501,20.16,0,0.057,4.202,19.5,0,0.018,2.909,18.61,0,0.075,4.844,17.83,0,0.08,5.068,16.9,0,0.013,2.758,15.7,0,0,1.167,13.94,0
"2020-08-20 01:00:00",130,0.006,2.543,13.77,0,0.031,3.306,18.27,0,0.038,3.545,19.99,0,0.064,4.429,19.47,0,0.019,2.938,18.61,0,0.075,4.863,17.85,0,0.081,5.076,16.9,0,0.011,2.699,15.68,0,0,1.064,13.94,0
"2020-08-20 01:30:00",131,0.006,2.543,13.77,0,0.031,3.306,18.27,0,0.038,3.545,19.99,0,0.064,4.429,19.47,0,0.019,2.938,18.61,0,0.075,4.863,17.85,0,0.081,5.076,16.9,0,0.011,2.699,15.68,0,0,1.064,13.94,0
"2020-08-20 02:00:00",132,0.004,2.488,12.93,0,0.031,3.317,17.72,0,0.038,3.54,19.8,0,0.055,4.106,19.42,0,0.02,2.968,18.61,0,0.076,4.893,17.85,0,0.082,5.14,16.93,0,0.015,2.819,15.7,0,0,1.1,13.94,0
"2020-08-20 02:30:00",133,0.004,2.488,12.93,0,0.031,3.317,17.72,0,0.038,3.54,19.8,0,0.055,4.106,19.42,0,0.02,2.968,18.61,0,0.076,4.893,17.85,0,0.082,5.14,16.93,0,0.015,2.819,15.7,0,0,1.1,13.94,0
"2020-08-20 03:00:00",134,0.005,2.536,12.31,0,0.031,3.314,17.18,0,0.038,3.537,19.58,0,0.059,4.26,19.39,0,0.022,3.019,18.64,0,0.072,4.736,17.88,0,0.082,5.119,16.9,0,0.012,2.736,15.7,0,0,1.144,13.94,0
"2020-08-20 03:30:00",135,0.005,2.536,12.31,0,0.031,3.314,17.18,0,0.038,3.537,19.58,0,0.059,4.26,19.39,0,0.022,3.019,18.64,0,0.072,4.736,17.88,0,0.082,5.119,16.9,0,0.012,2.736,15.7,0,0,1.144,13.94,0
"2020-08-20 04:00:00",136,0.004,2.485,11.74,0,0.027,3.185,16.7,0,0.042,3.672,19.31,0,0.064,4.441,19.34,0,0.018,2.9,18.61,0,0.07,4.669,17.88,0,0.08,5.045,16.95,0,0.009,2.646,15.68,0,0,1.095,13.94,0
"2020-08-20 04:30:00",137,0.004,2.485,11.74,0,0.027,3.185,16.7,0,0.042,3.672,19.31,0,0.064,4.441,19.34,0,0.018,2.9,18.61,0,0.07,4.669,17.88,0,0.08,5.045,16.95,0,0.009,2.646,15.68,0,0,1.095,13.94,0
"2020-08-20 05:00:00",138,0.001,2.414,11.11,0,0.031,3.288,16.22,0,0.041,3.636,19.12,0,0.057,4.18,19.26,0,0.02,2.958,18.64,0,0.08,5.05,17.9,0,0.082,5.126,16.9,0,0.011,2.683,15.73,0,0,1.077,13.96,0
"2020-08-20 05:30:00",139,0.001,2.414,11.11,0,0.031,3.288,16.22,0,0.041,3.636,19.12,0,0.057,4.18,19.26,0,0.02,2.958,18.64,0,0.08,5.05,17.9,0,0.082,5.126,16.9,0,0.011,2.683,15.73,0,0,1.077,13.96,0
"2020-08-20 06:00:00",140,0,2.378,10.56,0,0.031,3.287,15.78,0,0.041,3.642,18.91,0,0.06,4.279,19.15,0,0.021,2.979,18.64,0,0.074,4.835,17.88,0,0.082,5.115,16.95,0,0.015,2.805,15.7,0,0,1.082,13.91,0
"2020-08-20 06:30:00",141,0,2.378,10.56,0,0.031,3.287,15.78,0,0.041,3.642,18.91,0,0.06,4.279,19.15,0,0.021,2.979,18.64,0,0.074,4.835,17.88,0,0.082,5.115,16.95,0,0.015,2.805,15.7,0,0,1.082,13.91,0
"2020-08-20 07:00:00",142,0.003,2.46,10.21,0,0.031,3.295,15.36,0,0.039,3.555,18.64,0,0.062,4.369,19.09,0,0.016,2.852,18.59,0,0.077,4.917,17.85,0,0.086,5.28,16.93,0,0.014,2.786,15.7,0,0,1.124,13.96,0
"2020-08-20 07:30:00",143,0.003,2.46,10.21,0,0.031,3.295,15.36,0,0.039,3.555,18.64,0,0.062,4.369,19.09,0,0.016,2.852,18.59,0,0.077,4.917,17.85,0,0.086,5.28,16.93,0,0.014,2.786,15.7,0,0,1.124,13.96,0
"2020-08-20 08:00:00",144,0.002,2.44,10.58,0,0.029,3.24,15.06,0,0.04,3.58,18.43,0,0.059,4.264,19.01,0,0.018,2.909,18.56,0,0.077,4.92,17.88,0,0.076,4.914,16.93,0,0.014,2.779,15.7,0,0,1.058,13.94,0
"2020-08-20 08:30:00",145,0.002,2.44,10.58,0,0.029,3.24,15.06,0,0.04,3.58,18.43,0,0.059,4.264,19.01,0,0.018,2.909,18.56,0,0.077,4.92,17.88,0,0.076,4.914,16.93,0,0.014,2.779,15.7,0,0,1.058,13.94,0
"2020-08-20 09:00:00",146,0.003,2.457,11.92,0,0.032,3.345,15.04,0,0.038,3.516,18.24,0,0.059,4.259,18.91,0,0.021,2.981,18.53,0,0.078,4.986,17.9,0,0.082,5.122,16.98,0,0.013,2.755,15.7,0,0,1.118,13.94,0
"2020-08-20 09:30:00",147,0.003,2.457,11.92,0,0.032,3.345,15.04,0,0.038,3.516,18.24,0,0.059,4.259,18.91,0,0.021,2.981,18.53,0,0.078,4.986,17.9,0,0.082,5.122,16.98,0,0.013,2.755,15.7,0,0,1.118,13.94,0
"2020-08-20 10:00:00",148,0.004,2.496,15.92,0,0.033,3.374,15.46,0,0.039,3.571,18.09,0,0.06,4.283,18.77,0,0.018,2.907,18.51,0,0.077,4.944,17.9,0,0.083,5.153,16.95,0,0.012,2.722,15.73,0,0,1.029,13.94,0
"2020-08-20 10:30:00",149,0.004,2.496,15.92,0,0.033,3.374,15.46,0,0.039,3.571,18.09,0,0.06,4.283,18.77,0,0.018,2.907,18.51,0,0.077,4.944,17.9,0,0.083,5.153,16.95,0,0.012,2.722,15.73,0,0,1.029,13.94,0
"2020-08-20 11:00:00",150,0.009,2.626,19.44,0,0.03,3.28,16.62,0,0.04,3.606,17.93,0,0.06,4.304,18.64,0,0.023,3.057,18.45,0,0.074,4.838,17.88,0,0.082,5.124,16.95,0,0.013,2.751,15.75,0,0,1.15,13.96,0
"2020-08-20 11:30:00",151,0.009,2.626,19.44,0,0.03,3.28,16.62,0,0.04,3.606,17.93,0,0.06,4.304,18.64,0,0.023,3.057,18.45,0,0.074,4.838,17.88,0,0.082,5.124,16.95,0,0.013,2.751,15.75,0,0,1.15,13.96,0
"2020-08-20 12:00:00",152,0.011,2.681,24.46,0,0.031,3.287,17.96,0,0.039,3.572,17.96,0,0.057,4.172,18.59,0,0.02,2.958,18.4,0,0.076,4.909,17.88,0,0.083,5.185,16.95,0,0.011,2.694,15.73,0,0,1.094,13.94,0
"2020-08-20 12:30:00",153,0.011,2.681,24.46,0,0.031,3.287,17.96,0,0.039,3.572,17.96,0,0.057,4.172,18.59,0,0.02,2.958,18.4,0,0.076,4.909,17.88,0,0.083,5.185,16.95,0,0.011,2.694,15.73,0,0,1.094,13.94,0
"2020-08-20 13:00:00",154,0.011,2.684,29.15,0,0.033,3.351,19.77,0,0.037,3.513,18.06,0,0.065,4.464,18.51,0,0.019,2.92,18.38,0,0.074,4.836,17.83,0,0.085,5.242,16.95,0,0.013,2.765,15.78,0,0,1.098,13.99,0
"2020-08-20 13:30:00",155,0.011,2.684,29.15,0,0.033,3.351,19.77,0,0.037,3.513,18.06,0,0.065,4.464,18.51,0,0.019,2.92,18.38,0,0.074,4.836,17.83,0,0.085,5.242,16.95,0,0.013,2.765,15.78,0,0,1.098,13.99,0
"2020-08-20 14:00:00",156,0.007,2.58,32.25,0,0.033,3.364,21.56,0,0.039,3.565,18.24,0,0.06,4.308,18.43,0,0.02,2.953,18.3,0,0.073,4.778,17.85,0,0.082,5.13,16.98,0,0.015,2.797,15.75,0,0,1.089,13.96,0
"2020-08-20 14:30:00",157,0.007,2.58,32.25,0,0.033,3.364,21.56,0,0.039,3.565,18.24,0,0.06,4.308,18.43,0,0.02,2.953,18.3,0,0.073,4.778,17.85,0,0.082,5.13,16.98,0,0.015,2.797,15.75,0,0,1.089,13.96,0
"2020-08-20 15:00:00",158,0.012,2.729,33.38,0,0.034,3.402,23,0,0.038,3.54,18.53,0,0.06,4.303,18.4,0,0.019,2.936,18.3,0,0.076,4.9,17.8,0,0.08,5.07,16.98,0,0.013,2.744,15.78,0,0,1.107,13.99,0
"2020-08-20 15:30:00",159,0.012,2.729,33.38,0,0.034,3.402,23,0,0.038,3.54,18.53,0,0.06,4.303,18.4,0,0.019,2.936,18.3,0,0.076,4.9,17.8,0,0.08,5.07,16.98,0,0.013,2.744,15.78,0,0,1.107,13.99,0
"2020-08-20 16:00:00",160,0.013,2.757,32.01,0,0.032,3.322,23.84,0,0.04,3.608,18.93,0,0.06,4.305,18.38,0,0.016,2.849,18.24,0,0.076,4.906,17.8,0,0.083,5.158,16.98,0,0.013,2.765,15.73,0,0,1.095,13.99,0
"2020-08-20 16:30:00",161,0.013,2.757,32.01,0,0.032,3.322,23.84,0,0.04,3.608,18.93,0,0.06,4.305,18.38,0,0.016,2.849,18.24,0,0.076,4.906,17.8,0,0.083,5.158,16.98,0,0.013,2.765,15.73,0,0,1.095,13.99,0
"2020-08-20 17:00:00",162,0.01,2.668,28.79,0,0.032,3.325,23.91,0,0.038,3.525,19.23,0,0.061,4.336,18.45,0,0.018,2.891,18.19,0,0.071,4.714,17.8,0,0.081,5.084,16.95,0,0.013,2.766,15.78,0,0,1.158,13.99,0
"2020-08-20 17:30:00",163,0.01,2.668,28.79,0,0.032,3.325,23.91,0,0.038,3.525,19.23,0,0.061,4.336,18.45,0,0.018,2.891,18.19,0,0.071,4.714,17.8,0,0.081,5.084,16.95,0,0.013,2.766,15.78,0,0,1.158,13.99,0
"2020-08-20 18:00:00",164,0.008,2.618,26.55,0,0.034,3.387,23.45,0,0.039,3.56,19.53,0,0.058,4.222,18.51,0,0.019,2.935,18.19,0,0.074,4.808,17.77,0,0.078,4.982,16.95,0,0.012,2.737,15.75,0,0,1.082,13.96,0
"2020-08-20 18:30:00",165,0.008,2.618,26.55,0,0.034,3.387,23.45,0,0.039,3.56,19.53,0,0.058,4.222,18.51,0,0.019,2.935,18.19,0,0.074,4.808,17.77,0,0.078,4.982,16.95,0,0.012,2.737,15.75,0,0,1.082,13.96,0
"2020-08-20 19:00:00",166,0,2.399,24.15,0,0.034,3.384,22.91,0,0.039,3.567,19.74,0,0.057,4.195,18.56,0,0.019,2.937,18.19,0,0.072,4.76,17.75,0,0.081,5.074,16.95,0,0.009,2.646,15.78,0,0,1.177,13.96,0
"2020-08-20 19:30:00",167,0,2.399,24.15,0,0.034,3.384,22.91,0,0.039,3.567,19.74,0,0.057,4.195,18.56,0,0.019,2.937,18.19,0,0.072,4.76,17.75,0,0.081,5.074,16.95,0,0.009,2.646,15.78,0,0,1.177,13.96,0
"2020-08-20 20:00:00",168,0.007,2.568,21.28,0,0.033,3.365,22.08,0,0.038,3.531,19.8,0,0.06,4.299,18.67,0,0.021,3,18.19,0,0.074,4.822,17.75,0,0.082,5.126,16.93,0,0.009,2.646,15.75,0,0,1.044,13.96,0
"2020-08-20 20:30:00",169,0.007,2.568,21.28,0,0.033,3.365,22.08,0,0.038,3.531,19.8,0,0.06,4.299,18.67,0,0.021,3,18.19,0,0.074,4.822,17.75,0,0.082,5.126,16.93,0,0.009,2.646,15.75,0,0,1.044,13.96,0
"2020-08-20 21:00:00",170,0.008,2.62,18.99,0,0.033,3.351,21.16,0,0.038,3.536,19.85,0,0.059,4.249,18.72,0,0.02,2.975,18.17,0,0.075,4.84,17.72,0,0.082,5.152,16.95,0,0.012,2.737,15.78,0,0,1.096,13.96,0
"2020-08-20 21:30:00",171,0.008,2.62,18.99,0,0.033,3.351,21.16,0,0.038,3.536,19.85,0,0.059,4.249,18.72,0,0.02,2.975,18.17,0,0.075,4.84,17.72,0,0.082,5.152,16.95,0,0.012,2.737,15.78,0,0,1.096,13.96,0
"2020-08-20 22:00:00",172,0,2.372,17.18,0,0.031,3.315,20.24,0,0.038,3.541,19.83,0,0.061,4.348,18.83,0,0.018,2.908,18.22,0,0.074,4.832,17.72,0,0.088,5.356,16.95,0,0.015,2.815,15.75,0,0,1.1,14.01,0
"2020-08-20 22:30:00",173,0,2.372,17.18,0,0.031,3.315,20.24,0,0.038,3.541,19.83,0,0.061,4.348,18.83,0,0.018,2.908,18.22,0,0.074,4.832,17.72,0,0.088,5.356,16.95,0,0.015,2.815,15.75,0,0,1.1,14.01,0
"2020-08-20 23:00:00",174,0.004,2.491,15.7,0,0.031,3.315,19.39,0,0.044,3.74,19.72,0,0.063,4.389,18.83,0,0.021,2.982,18.19,0,0.074,4.803,17.72,0,0.081,5.11,16.93,0,0.014,2.778,15.78,0,0,1.089,13.96,0
"2020-08-20 23:30:00",175,0.004,2.491,15.7,0,0.031,3.315,19.39,0,0.044,3.74,19.72,0,0.063,4.389,18.83,0,0.021,2.982,18.19,0,0.074,4.803,17.72,0,0.081,5.11,16.93,0,0.014,2.778,15.78,0,0,1.089,13.96,0
"2020-08-21 00:00:00",176,0.004,2.498,14.58,0,0.033,3.356,18.67,0,0.041,3.631,19.58,0,0.061,4.337,18.88,0,0.018,2.898,18.24,0,0.075,4.869,17.72,0,0.082,5.139,16.95,0,0.009,2.64,15.75,0,0,1.154,14.01,0
"2020-08-21 00:30:00",177,0.004,2.498,14.58,0,0.033,3.356,18.67,0,0.041,3.631,19.58,0,0.061,4.337,18.88,0,0.018,2.898,18.24,0,0.075,4.869,17.72,0,0.082,5.139,16.95,0,0.009,2.64,15.75,0,0,1.154,14.01,0
"2020-08-21 01:00:00",178,0.003,2.455,13.63,0,0.035,3.434,18.01,0,0.04,3.597,19.42,0,0.062,4.352,18.88,0,0.019,2.927,18.24,0,0.078,4.965,17.72,0,0.082,5.141,16.93,0,0.016,2.826,15.8,0,0,1.177,13.99,0
"2020-08-21 01:30:00",179,0.003,2.455,13.63,0,0.035,3.434,18.01,0,0.04,3.597,19.42,0,0.062,4.352,18.88,0,0.019,2.927,18.24,0,0.078,4.965,17.72,0,0.082,5.141,16.93,0,0.016,2.826,15.8,0,0,1.177,13.99,0
"2020-08-21 02:00:00",180,0.001,2.404,12.79,0,0.031,3.29,17.36,0,0.04,3.59,19.23,0,0.058,4.214,18.88,0,0.019,2.945,18.24,0,0.075,4.857,17.7,0,0.085,5.267,16.9,0,0.012,2.722,15.78,0,0,1.099,13.99,0
"2020-08-21 02:30:00",181,0.001,2.404,12.79,0,0.031,3.29,17.36,0,0.04,3.59,19.23,0,0.058,4.214,18.88,0,0.019,2.945,18.24,0,0.075,4.857,17.7,0,0.085,5.267,16.9,0,0.012,2.722,15.78,0,0,1.099,13.99,0
"2020-08-21 03:00:00",182,0.003,2.462,12.01,0,0.031,3.288,16.8,0,0.036,3.452,19.04,0,0.059,4.271,18.83,0,0.02,2.966,18.27,0,0.077,4.934,17.72,0,0.08,5.061,16.93,0,0.013,2.745,15.8,0,0,1.117,14.03,0
"2020-08-21 03:30:00",183,0.003,2.462,12.01,0,0.031,3.288,16.8,0,0.036,3.452,19.04,0,0.059,4.271,18.83,0,0.02,2.966,18.27,0,0.077,4.934,17.72,0,0.08,5.061,16.93,0,0.013,2.745,15.8,0,0,1.117,14.03,0
"2020-08-21 04:00:00",184,0.005,2.512,11.38,0,0.027,3.17,16.3,0,0.04,3.585,18.83,0,0.063,4.402,18.8,0,0.021,2.985,18.27,0,0.074,4.834,17.72,0,0.082,5.115,16.93,0,0.014,2.792,15.8,0,0,1.171,14.01,0
"2020-08-21 04:30:00",185,0.005,2.512,11.38,0,0.027,3.17,16.3,0,0.04,3.585,18.83,0,0.063,4.402,18.8,0,0.021,2.985,18.27,0,0.074,4.834,17.72,0,0.082,5.115,16.93,0,0.014,2.792,15.8,0,0,1.171,14.01,0
"2020-08-21 05:00:00",186,0,2.391,10.8,0,0.032,3.324,15.82,0,0.037,3.491,18.61,0,0.061,4.319,18.75,0,0.02,2.952,18.24,0,0.075,4.856,17.72,0,0.084,5.228,16.9,0,0.013,2.755,15.8,0,0,1.137,14.03,0
"2020-08-21 05:30:00",187,0,2.391,10.8,0,0.032,3.324,15.82,0,0.037,3.491,18.61,0,0.061,4.319,18.75,0,0.02,2.952,18.24,0,0.075,4.856,17.72,0,0.084,5.228,16.9,0,0.013,2.755,15.8,0,0,1.137,14.03,0
"2020-08-21 06:00:00",188,0.001,2.422,10.34,0,0.032,3.324,15.38,0,0.041,3.623,18.38,0,0.057,4.186,18.72,0,0.02,2.958,18.24,0,0.08,5.037,17.7,0,0.083,5.183,16.9,0,0.012,2.712,15.8,0,0,1.149,14.01,0
"2020-08-21 06:30:00",189,0.001,2.422,10.34,0,0.032,3.324,15.38,0,0.041,3.623,18.38,0,0.057,4.186,18.72,0,0.02,2.958,18.24,0,0.08,5.037,17.7,0,0.083,5.183,16.9,0,0.012,2.712,15.8,0,0,1.149,14.01,0
"2020-08-21 07:00:00",190,0.002,2.43,9.99,0,0.032,3.34,14.94,0,0.038,3.533,18.19,0,0.061,4.335,18.59,0,0.019,2.941,18.27,0,0.076,4.895,17.7,0,0.08,5.055,16.9,0,0.015,2.8,15.8,0,0,1.039,14.01,0
"2020-08-21 07:30:00",191,0.002,2.43,9.99,0,0.032,3.34,14.94,0,0.038,3.533,18.19,0,0.061,4.335,18.59,0,0.019,2.941,18.27,0,0.076,4.895,17.7,0,0.08,5.055,16.9,0,0.015,2.8,15.8,0,0,1.039,14.01,0
"2020-08-21 08:00:00",192,0,2.396,10.36,0,0.031,3.293,14.7,0,0.04,3.612,17.98,0,0.057,4.184,18.53,0,0.017,2.875,18.24,0,0.073,4.791,17.72,0,0.085,5.268,16.9,0,0.013,2.748,15.78,0,0,1.155,14.03,0
"2020-08-21 08:30:00",193,0,2.396,10.36,0,0.031,3.293,14.7,0,0.04,3.612,17.98,0,0.057,4.184,18.53,0,0.017,2.875,18.24,0,0.073,4.791,17.72,0,0.085,5.268,16.9,0,0.013,2.748,15.78,0,0,1.155,14.03,0
"2020-08-21 09:00:00",194,0.004,2.489,11.76,0,0.033,3.375,14.68,0,0.038,3.538,17.75,0,0.06,4.295,18.45,0,0.02,2.971,18.22,0,0.071,4.719,17.67,0,0.079,5,16.93,0,0.012,2.728,15.8,0,0,1.15,13.99,0
"2020-08-21 09:30:00",195,0.004,2.489,11.76,0,0.033,3.375,14.68,0,0.038,3.538,17.75,0,0.06,4.295,18.45,0,0.02,2.971,18.22,0,0.071,4.719,17.67,0,0.079,5,16.93,0,0.012,2.728,15.8,0,0,1.15,13.99,0
"2020-08-21 10:00:00",196,0.006,2.556,15.46,0,0.029,3.243,15.09,0,0.04,3.589,17.62,0,0.057,4.179,18.32,0,0.021,2.979,18.17,0,0.077,4.928,17.67,0,0.083,5.169,16.88,0,0.011,2.703,15.8,0,0,1.118,14.01,0
"2020-08-21 10:30:00",197,0.006,2.556,15.46,0,0.029,3.243,15.09,0,0.04,3.589,17.62,0,0.057,4.179,18.32,0,0.021,2.979,18.17,0,0.077,4.928,17.67,0,0.083,5.169,16.88,0,0.011,2.703,15.8,0,0,1.118,14.01,0
"2020-08-21 11:00:00",198,0.008,2.618,18.99,0,0.032,3.337,16.22,0,0.04,3.59,17.52,0,0.057,4.2,18.24,0,0.019,2.937,18.14,0,0.071,4.691,17.7,0,0.08,5.039,16.93,0,0.012,2.721,15.8,0,0,1.11,14.03,0
"2020-08-21 11:30:00",199,0.008,2.618,18.99,0,0.032,3.337,16.22,0,0.04,3.59,17.52,0,0.057,4.2,18.24,0,0.019,2.937,18.14,0,0.071,4.691,17.7,0,0.08,5.039,16.93,0,0.012,2.721,15.8,0,0,1.11,14.03,0
"2020-08-21 12:00:00",200,0.008,2.595,24.21,0,0.029,3.236,17.52,0,0.041,3.619,17.52,0,0.058,4.213,18.17,0,0.017,2.856,18.06,0,0.074,4.8,17.7,0,0.082,5.14,16.9,0,0.014,2.795,15.78,0,0,1.086,14.03,0
"2020-08-21 12:30:00",201,0.008,2.595,24.21,0,0.029,3.236,17.52,0,0.041,3.619,17.52,0,0.058,4.213,18.17,0,0.017,2.856,18.06,0,0.074,4.8,17.7,0,0.082,5.14,16.9,0,0.014,2.795,15.78,0,0,1.086,14.03,0
"2020-08-21 13:00:00",202,0.004,2.492,29.29,0,0.032,3.336,19.44,0,0.041,3.615,17.64,0,0.06,4.29,18.06,0,0.021,3.005,18.03,0,0.074,4.81,17.67,0,0.083,5.157,16.9,0,0.014,2.776,15.8,0,0,1.093,14.06,0
"2020-08-21 13:30:00",203,0.004,2.492,29.29,0,0.032,3.336,19.44,0,0.041,3.615,17.64,0,0.06,4.29,18.06,0,0.021,3.005,18.03,0,0.074,4.81,17.67,0,0.083,5.157,16.9,0,0.014,2.776,15.8,0,0,1.093,14.06,0
"2020-08-21 14:00:00",204,0.012,2.731,32.49,0,0.036,3.448,21.31,0,0.037,3.51,17.85,0,0.059,4.24,18.03,0,0.021,2.976,18.01,0,0.073,4.796,17.62,0,0.086,5.3,16.9,0,0.013,2.749,15.82,0,0,1.087,14.03,0
"2020-08-21 14:30:00",205,0.012,2.731,32.49,0,0.036,3.448,21.31,0,0.037,3.51,17.85,0,0.059,4.24,18.03,0,0.021,2.976,18.01,0,0.073,4.796,17.62,0,0.086,5.3,16.9,0,0.013,2.749,15.82,0,0,1.087,14.03,0
"2020-08-21 15:00:00",206,0.014,2.794,33.68,0,0.031,3.31,22.79,0,0.038,3.537,18.17,0,0.059,4.263,18.01,0,0.019,2.916,17.96,0,0.074,4.822,17.59,0,0.083,5.157,16.9,0,0.014,2.788,15.8,0,0,1.074,14.01,0
"2020-08-21 15:30:00",207,0.014,2.794,33.68,0,0.031,3.31,22.79,0,0.038,3.537,18.17,0,0.059,4.263,18.01,0,0.019,2.916,17.96,0,0.074,4.822,17.59,0,0.083,5.157,16.9,0,0.014,2.788,15.8,0,0,1.074,14.01,0
"2020-08-21 16:00:00",208,0.009,2.637,34.35,0,0.031,3.308,23.84,0,0.037,3.513,18.51,0,0.057,4.183,18.03,0,0.018,2.906,17.93,0,0.074,4.814,17.62,0,0.082,5.12,16.88,0,0.011,2.709,15.78,0,0,1.074,14.03,0
"2020-08-21 16:30:00",209,0.009,2.637,34.35,0,0.031,3.308,23.84,0,0.037,3.513,18.51,0,0.057,4.183,18.03,0,0.018,2.906,17.93,0,0.074,4.814,17.62,0,0.082,5.12,16.88,0,0.011,2.709,15.78,0,0,1.074,14.03,0
"2020-08-21 17:00:00",210,0.008,2.621,30.36,0,0.035,3.433,24.15,0,0.042,3.655,18.91,0,0.057,4.19,18.06,0,0.02,2.95,17.93,0,0.078,4.968,17.57,0,0.079,5.017,16.9,0,0.014,2.769,15.8,0,0,1.125,14.06,0
"2020-08-21 17:30:00",211,0.008,2.621,30.36,0,0.035,3.433,24.15,0,0.042,3.655,18.91,0,0.057,4.19,18.06,0,0.02,2.95,17.93,0,0.078,4.968,17.57,0,0.079,5.017,16.9,0,0.014,2.769,15.8,0,0,1.125,14.06,0
"2020-08-21 18:00:00",212,0.01,2.654,28.29,0,0.03,3.259,23.78,0,0.041,3.616,19.2,0,0.061,4.328,18.14,0,0.02,2.947,17.88,0,0.075,4.842,17.57,0,0.081,5.094,16.88,0,0.013,2.752,15.78,0,0,1.108,14.06,0
"2020-08-21 18:30:00",213,0.01,2.654,28.29,0,0.03,3.259,23.78,0,0.041,3.616,19.2,0,0.061,4.328,18.14,0,0.02,2.947,17.88,0,0.075,4.842,17.57,0,0.081,5.094,16.88,0,0.013,2.752,15.78,0,0,1.108,14.06,0
"2020-08-21 19:00:00",214,0.009,2.64,25.9,0,0.034,3.403,23.33,0,0.043,3.685,19.47,0,0.061,4.319,18.24,0,0.019,2.921,17.88,0,0.073,4.777,17.54,0,0.083,5.191,16.85,0,0.012,2.724,15.8,0,0,1.099,14.06,0
"2020-08-21 19:30:00",215,0.009,2.64,25.9,0,0.034,3.403,23.33,0,0.043,3.685,19.47,0,0.061,4.319,18.24,0,0.019,2.921,17.88,0,0.073,4.777,17.54,0,0.083,5.191,16.85,0,0.012,2.724,15.8,0,0,1.099,14.06,0
"2020-08-21 20:00:00",216,0,2.394,23.12,0,0.033,3.368,22.61,0,0.038,3.546,19.63,0,0.062,4.365,18.32,0,0.021,2.981,17.9,0,0.075,4.843,17.54,0,0.079,5.005,16.85,0,0.015,2.81,15.8,0,0,1.121,14.03,0
"2020-08-21 20:30:00",217,0,2.394,23.12,0,0.033,3.368,22.61,0,0.038,3.546,19.63,0,0.062,4.365,18.32,0,0.021,2.981,17.9,0,0.075,4.843,17.54,0,0.079,5.005,16.85,0,0.015,2.81,15.8,0,0,1.121,14.03,0
"2020-08-21 21:00:00",218,0.004,2.503,20.49,0,0.031,3.3,21.71,0,0.04,3.595,19.69,0,0.055,4.115,18.43,0,0.019,2.921,17.9,0,0.074,4.811,17.54,0,0.082,5.137,16.85,0,0.013,2.766,15.8,0,0,1.157,14.08,0
"2020-08-21 21:30:00",219,0.004,2.503,20.49,0,0.031,3.3,21.71,0,0.04,3.595,19.69,0,0.055,4.115,18.43,0,0.019,2.921,17.9,0,0.074,4.811,17.54,0,0.082,5.137,16.85,0,0.013,2.766,15.8,0,0,1.157,14.08,0
"2020-08-21 22:00:00",220,0.002,2.445,18.64,0,0.03,3.286,20.82,0,0.041,3.635,19.69,0,0.06,4.304,18.48,0,0.021,2.994,17.93,0,0.077,4.926,17.54,0,0.079,5,16.83,0,0.015,2.825,15.8,0,0,1.082,14.06,0
"2020-08-21 22:30:00",221,0.002,2.445,18.64,0,0.03,3.286,20.82,0,0.041,3.635,19.69,0,0.06,4.304,18.48,0,0.021,2.994,17.93,0,0.077,4.926,17.54,0,0.079,5,16.83,0,0.015,2.825,15.8,0,0,1.082,14.06,0
"2020-08-21 23:00:00",222,0.002,2.45,17.16,0,0.033,3.362,20.05,0,0.044,3.728,19.61,0,0.058,4.203,18.59,0,0.021,2.99,17.93,0,0.075,4.857,17.52,0,0.085,5.239,16.85,0,0.012,2.719,15.78,0,0,1.07,14.08,0
"2020-08-21 23:30:00",223,0.002,2.45,17.16,0,0.033,3.362,20.05,0,0.044,3.728,19.61,0,0.058,4.203,18.59,0,0.021,2.99,17.93,0,0.075,4.857,17.52,0,0.085,5.239,16.85,0,0.012,2.719,15.78,0,0,1.07,14.08,0
"2020-08-22 00:00:00",224,0.004,2.501,16,0,0.034,3.412,19.26,0,0.039,3.555,19.55,0,0.06,4.288,18.64,0,0.022,3.01,17.93,0,0.072,4.724,17.52,0,0.079,5.004,16.83,0,0.013,2.749,15.8,0,0,1.138,14.03,0
"2020-08-22 00:30:00",225,0.004,2.501,16,0,0.034,3.412,19.26,0,0.039,3.555,19.55,0,0.06,4.288,18.64,0,0.022,3.01,17.93,0,0.072,4.724,17.52,0,0.079,5.004,16.83,0,0.013,2.749,15.8,0,0,1.138,14.03,0
"2020-08-22 01:00:00",226,0.001,2.407,15.02,0,0.033,3.362,18.64,0,0.038,3.526,19.39,0,0.06,4.282,18.67,0,0.022,3.031,17.96,0,0.074,4.83,17.52,0,0.086,5.301,16.83,0,0.012,2.733,15.8,0,0,1.11,14.03,0
"2020-08-22 01:30:00",227,0.001,2.407,15.02,0,0.033,3.362,18.64,0,0.038,3.526,19.39,0,0.06,4.282,18.67,0,0.022,3.031,17.96,0,0.074,4.83,17.52,0,0.086,5.301,16.83,0,0.012,2.733,15.8,0,0,1.11,14.03,0
"2020-08-22 02:00:00",228,0.001,2.42,14.25,0,0.031,3.296,18.03,0,0.035,3.419,19.26,0,0.054,4.071,18.69,0,0.018,2.899,17.98,0,0.078,4.971,17.52,0,0.082,5.139,16.8,0,0.014,2.775,15.78,0,0,1.121,14.08,0
"2020-08-22 02:30:00",229,0.001,2.42,14.25,0,0.031,3.296,18.03,0,0.035,3.419,19.26,0,0.054,4.071,18.69,0,0.018,2.899,17.98,0,0.078,4.971,17.52,0,0.082,5.139,16.8,0,0.014,2.775,15.78,0,0,1.121,14.08,0
"2020-08-22 03:00:00",230,0.004,2.486,13.54,0,0.028,3.199,17.52,0,0.039,3.563,19.04,0,0.061,4.329,18.67,0,0.019,2.92,18.03,0,0.076,4.905,17.52,0,0.086,5.287,16.8,0,0.012,2.729,15.8,0,0,1.111,14.06,0
"2020-08-22 03:30:00",231,0.004,2.486,13.54,0,0.028,3.199,17.52,0,0.039,3.563,19.04,0,0.061,4.329,18.67,0,0.019,2.92,18.03,0,0.076,4.905,17.52,0,0.086,5.287,16.8,0,0.012,2.729,15.8,0,0,1.111,14.06,0
"2020-08-22 04:00:00",232,0,2.357,12.88,0,0.031,3.304,17,0,0.04,3.603,18.85,0,0.059,4.256,18.67,0,0.018,2.913,18.06,0,0.074,4.818,17.52,0,0.082,5.113,16.83,0,0.016,2.837,15.8,0,0,1.103,14.06,0
"2020-08-22 04:30:00",233,0,2.357,12.88,0,0.031,3.304,17,0,0.04,3.603,18.85,0,0.059,4.256,18.67,0,0.018,2.913,18.06,0,0.074,4.818,17.52,0,0.082,5.113,16.83,0,0.016,2.837,15.8,0,0,1.103,14.06,0
"2020-08-22 05:00:00",234,0.002,2.442,12.29,0,0.031,3.306,16.55,0,0.037,3.51,18.69,0,0.059,4.273,18.61,0,0.017,2.871,18.06,0,0.073,4.792,17.52,0,0.082,5.121,16.8,0,0.013,2.753,15.8,0,0,1.086,14.08,0
"2020-08-22 05:30:00",235,0.002,2.442,12.29,0,0.031,3.306,16.55,0,0.037,3.51,18.69,0,0.059,4.273,18.61,0,0.017,2.871,18.06,0,0.073,4.792,17.52,0,0.082,5.121,16.8,0,0.013,2.753,15.8,0,0,1.086,14.08,0
"2020-08-22 06:00:00",236,0.003,2.472,11.7,0,0.029,3.253,16.12,0,0.039,3.547,18.51,0,0.059,4.245,18.53,0,0.021,2.994,18.09,0,0.073,4.787,17.54,0,0.082,5.149,16.83,0,0.017,2.867,15.8,0,0,1.11,14.08,0
"2020-08-22 06:30:00",237,0.003,2.472,11.7,0,0.029,3.253,16.12,0,0.039,3.547,18.51,0,0.059,4.245,18.53,0,0.021,2.994,18.09,0,0.073,4.787,17.54,0,0.082,5.149,16.83,0,0.017,2.867,15.8,0,0,1.11,14.08,0
"2020-08-22 07:00:00",238,0.006,2.539,11.25,0,0.033,3.355,15.7,0,0.036,3.459,18.27,0,0.059,4.264,18.51,0,0.018,2.905,18.03,0,0.075,4.849,17.52,0,0.078,4.983,16.8,0,0.014,2.776,15.78,0,0,1.122,14.06,0
"2020-08-22 07:30:00",239,0.006,2.539,11.25,0,0.033,3.355,15.7,0,0.036,3.459,18.27,0,0.059,4.264,18.51,0,0.018,2.905,18.03,0,0.075,4.849,17.52,0,0.078,4.983,16.8,0,0.014,2.776,15.78,0,0,1.122,14.06,0
"2020-08-22 08:00:00",240,0,2.388,11.58,0,0.033,3.356,15.38,0,0.041,3.618,18.14,0,0.063,4.389,18.43,0,0.02,2.97,18.06,0,0.076,4.877,17.54,0,0.08,5.034,16.8,0,0.013,2.756,15.8,0,0,1.135,14.1,0
"2020-08-22 08:30:00",241,0,2.388,11.58,0,0.033,3.356,15.38,0,0.041,3.618,18.14,0,0.063,4.389,18.43,0,0.02,2.97,18.06,0,0.076,4.877,17.54,0,0.08,5.034,16.8,0,0.013,2.756,15.8,0,0,1.135,14.1,0
"2020-08-22 09:00:00",242,0.001,2.413,12.91,0,0.03,3.276,15.33,0,0.037,3.507,17.96,0,0.058,4.236,18.38,0,0.02,2.959,18.03,0,0.074,4.833,17.52,0,0.08,5.052,16.8,0,0.015,2.8,15.78,0,0,1.136,14.06,0
"2020-08-22 09:30:00",243,0.001,2.413,12.91,0,0.03,3.276,15.33,0,0.037,3.507,17.96,0,0.058,4.236,18.38,0,0.02,2.959,18.03,0,0.074,4.833,17.52,0,0.08,5.052,16.8,0,0.015,2.8,15.78,0,0,1.136,14.06,0
"2020-08-22 10:00:00",244,0.002,2.433,16.6,0,0.03,3.283,15.8,0,0.036,3.472,17.8,0,0.059,4.242,18.27,0,0.018,2.915,17.98,0,0.077,4.919,17.52,0,0.083,5.182,16.8,0,0.013,2.753,15.78,0,0,1.162,14.1,0
"2020-08-22 10:30:00",245,0.002,2.433,16.6,0,0.03,3.283,15.8,0,0.036,3.472,17.8,0,0.059,4.242,18.27,0,0.018,2.915,17.98,0,0.077,4.919,17.52,0,0.083,5.182,16.8,0,0.013,2.753,15.78,0,0,1.162,14.1,0
"2020-08-22 11:00:00",246,0.008,2.612,19.91,0,0.032,3.322,16.85,0,0.04,3.589,17.67,0,0.06,4.309,18.22,0,0.021,2.993,17.96,0,0.072,4.751,17.54,0,0.081,5.097,16.78,0,0.015,2.809,15.78,0,0,1.097,14.1,0
"2020-08-22 11:30:00",247,0.008,2.612,19.91,0,0.032,3.322,16.85,0,0.04,3.589,17.67,0,0.06,4.309,18.22,0,0.021,2.993,17.96,0,0.072,4.751,17.54,0,0.081,5.097,16.78,0,0.015,2.809,15.78,0,0,1.097,14.1,0
"2020-08-22 12:00:00",248,0.006,2.553,24.62,0,0.03,3.255,18.09,0,0.037,3.486,17.72,0,0.056,4.163,18.14,0,0.02,2.959,17.96,0,0.076,4.907,17.54,0,0.08,5.055,16.83,0,0.012,2.711,15.75,0,0,1.101,14.1,0
"2020-08-22 12:30:00",249,0.006,2.553,24.62,0,0.03,3.255,18.09,0,0.037,3.486,17.72,0,0.056,4.163,18.14,0,0.02,2.959,17.96,0,0.076,4.907,17.54,0,0.08,5.055,16.83,0,0.012,2.711,15.75,0,0,1.101,14.1,0
"2020-08-22 13:00:00",250,0.011,2.7,29.84,0,0.027,3.187,19.91,0,0.038,3.524,17.83,0,0.06,4.276,18.09,0,0.022,3.03,17.93,0,0.076,4.893,17.52,0,0.085,5.248,16.83,0,0.011,2.681,15.75,0,0,1.045,14.06,0
"2020-08-22 13:30:00",251,0.011,2.7,29.84,0,0.027,3.187,19.91,0,0.038,3.524,17.83,0,0.06,4.276,18.09,0,0.022,3.03,17.93,0,0.076,4.893,17.52,0,0.085,5.248,16.83,0,0.011,2.681,15.75,0,0,1.045,14.06,0
"2020-08-22 14:00:00",252,0.008,2.62,33.59,0,0.031,3.304,21.79,0,0.042,3.647,18.06,0,0.061,4.338,18.01,0,0.017,2.865,17.88,0,0.073,4.776,17.49,0,0.079,4.995,16.8,0,0.014,2.785,15.78,0,0,1.163,14.08,0
"2020-08-22 14:30:00",253,0.008,2.62,33.59,0,0.031,3.304,21.79,0,0.042,3.647,18.06,0,0.061,4.338,18.01,0,0.017,2.865,17.88,0,0.073,4.776,17.49,0,0.079,4.995,16.8,0,0.014,2.785,15.78,0,0,1.163,14.08,0
"2020-08-22 15:00:00",254,0.008,2.61,35.22,0,0.035,3.446,23.42,0,0.037,3.507,18.38,0,0.056,4.133,18.03,0,0.017,2.872,17.88,0,0.072,4.757,17.46,0,0.081,5.104,16.8,0,0.012,2.714,15.8,0,0,1.18,14.08,0
"2020-08-22 15:30:00",255,0.008,2.61,35.22,0,0.035,3.446,23.42,0,0.037,3.507,18.38,0,0.056,4.133,18.03,0,0.017,2.872,17.88,0,0.072,4.757,17.46,0,0.081,5.104,16.8,0,0.012,2.714,15.8,0,0,1.18,14.08,0
"2020-08-22 16:00:00",256,0.009,2.647,36.61,0,0.03,3.284,24.68,0,0.042,3.651,18.75,0,0.055,4.122,18.01,0,0.021,2.98,17.83,0,0.073,4.797,17.49,0,0.08,5.037,16.78,0,0.011,2.688,15.78,0,0,1.12,14.08,0
"2020-08-22 16:30:00",257,0.009,2.647,36.61,0,0.03,3.284,24.68,0,0.042,3.651,18.75,0,0.055,4.122,18.01,0,0.021,2.98,17.83,0,0.073,4.797,17.49,0,0.08,5.037,16.78,0,0.011,2.688,15.78,0,0,1.12,14.08,0
"2020-08-22 17:00:00",258,0.004,2.506,31.5,0,0.034,3.409,25,0,0.04,3.603,19.12,0,0.06,4.293,18.06,0,0.019,2.919,17.83,0,0.074,4.808,17.49,0,0.081,5.096,16.8,0,0.007,2.57,15.8,0,0,1.122,14.1,0
"2020-08-22 17:30:00",259,0.004,2.506,31.5,0,0.034,3.409,25,0,0.04,3.603,19.12,0,0.06,4.293,18.06,0,0.019,2.919,17.83,0,0.074,4.808,17.49,0,0.081,5.096,16.8,0,0.007,2.57,15.8,0,0,1.122,14.1,0
"2020-08-22 18:00:00",260,0.011,2.68,28.97,0,0.033,3.352,24.49,0,0.039,3.573,19.44,0,0.058,4.228,18.14,0,0.018,2.895,17.77,0,0.078,4.959,17.46,0,0.082,5.149,16.78,0,0.012,2.724,15.75,0,0,1.139,14.1,0
"2020-08-22 18:30:00",261,0.011,2.68,28.97,0,0.033,3.352,24.49,0,0.039,3.573,19.44,0,0.058,4.228,18.14,0,0.018,2.895,17.77,0,0.078,4.959,17.46,0,0.082,5.149,16.78,0,0.012,2.724,15.75,0,0,1.139,14.1,0
"2020-08-22 19:00:00",262,0.01,2.663,26.45,0,0.032,3.35,23.91,0,0.037,3.494,19.72,0,0.059,4.25,18.27,0,0.017,2.863,17.83,0,0.076,4.901,17.46,0,0.078,4.964,16.75,0,0.01,2.68,15.78,0,0,1.054,14.08,0
"2020-08-22 19:30:00",263,0.01,2.663,26.45,0,0.032,3.35,23.91,0,0.037,3.494,19.72,0,0.059,4.25,18.27,0,0.017,2.863,17.83,0,0.076,4.901,17.46,0,0.078,4.964,16.75,0,0.01,2.68,15.78,0,0,1.054,14.08,0
"2020-08-22 20:00:00",264,0.007,2.592,23.45,0,0.03,3.255,23.09,0,0.042,3.668,19.85,0,0.062,4.366,18.4,0,0.019,2.919,17.85,0,0.075,4.86,17.44,0,0.078,4.98,16.75,0,0.012,2.729,15.75,0,0,1.135,14.1,0
"2020-08-22 20:30:00",265,0.007,2.592,23.45,0,0.03,3.255,23.09,0,0.042,3.668,19.85,0,0.062,4.366,18.4,0,0.019,2.919,17.85,0,0.075,4.86,17.44,0,0.078,4.98,16.75,0,0.012,2.729,15.75,0,0,1.135,14.1,0
"2020-08-22 21:00:00",266,0.007,2.588,20.57,0,0.032,3.348,22.11,0,0.038,3.52,19.94,0,0.056,4.149,18.48,0,0.019,2.921,17.85,0,0.07,4.648,17.44,0,0.08,5.047,16.75,0,0.013,2.757,15.78,0,0,1.099,14.08,0
"2020-08-22 21:30:00",267,0.007,2.588,20.57,0,0.032,3.348,22.11,0,0.038,3.52,19.94,0,0.056,4.149,18.48,0,0.019,2.921,17.85,0,0.07,4.648,17.44,0,0.08,5.047,16.75,0,0.013,2.757,15.78,0,0,1.099,14.08,0
"2020-08-22 22:00:00",268,0,2.332,18.56,0,0.033,3.354,21.11,0,0.039,3.57,19.94,0,0.056,4.156,18.59,0,0.021,2.986,17.85,0,0.073,4.777,17.41,0,0.083,5.18,16.78,0,0.013,2.745,15.78,0,0,1.072,14.08,0
"2020-08-22 22:30:00",269,0,2.332,18.56,0,0.033,3.354,21.11,0,0.039,3.57,19.94,0,0.056,4.156,18.59,0,0.021,2.986,17.85,0,0.073,4.777,17.41,0,0.083,5.18,16.78,0,0.013,2.745,15.78,0,0,1.072,14.08,0
"2020-08-22 23:00:00",270,0.004,2.493,16.98,0,0.031,3.298,20.18,0,0.039,3.579,19.85,0,0.062,4.363,18.64,0,0.018,2.894,17.9,0,0.075,4.86,17.44,0,0.081,5.081,16.75,0,0.015,2.824,15.78,0,0,1.106,14.1,0
"2020-08-22 23:30:00",271,0.004,2.493,16.98,0,0.031,3.298,20.18,0,0.039,3.579,19.85,0,0.062,4.363,18.64,0,0.018,2.894,17.9,0,0.075,4.86,17.44,0,0.081,5.081,16.75,0,0.015,2.824,15.78,0,0,1.106,14.1,0
"2020-08-23 00:00:00",272,0.001,2.403,15.8,0,0.03,3.265,19.42,0,0.039,3.548,19.72,0,0.058,4.233,18.72,0,0.017,2.873,17.93,0,0.075,4.863,17.46,0,0.075,4.864,16.75,0,0.013,2.745,15.78,0,0,1.099,14.08,0
"2020-08-23 00:30:00",273,0.001,2.403,15.8,0,0.03,3.265,19.42,0,0.039,3.548,19.72,0,0.058,4.233,18.72,0,0.017,2.873,17.93,0,0.075,4.863,17.46,0,0.075,4.864,16.75,0,0.013,2.745,15.78,0,0,1.099,14.08,0
"2020-08-23 01:00:00",274,0.004,2.503,15.41,0,0.029,3.252,18.75,0,0.034,3.406,19.58,0,0.058,4.22,18.75,0,0.019,2.929,17.98,0,0.076,4.91,17.46,0,0.082,5.143,16.75,0,0.015,2.812,15.78,0,0,1.144,14.13,0
"2020-08-23 01:30:00",275,0.004,2.503,15.41,0,0.029,3.252,18.75,0,0.034,3.406,19.58,0,0.058,4.22,18.75,0,0.019,2.929,17.98,0,0.076,4.91,17.46,0,0.082,5.143,16.75,0,0.015,2.812,15.78,0,0,1.144,14.13,0
"2020-08-23 02:00:00",276,0.005,2.516,14.85,0,0.031,3.292,18.3,0,0.038,3.535,19.39,0,0.06,4.278,18.77,0,0.02,2.95,17.98,0,0.075,4.863,17.44,0,0.084,5.2,16.75,0,0.013,2.758,15.75,0,0,1.086,14.1,0
"2020-08-23 02:30:00",277,0.005,2.516,14.85,0,0.031,3.292,18.3,0,0.038,3.535,19.39,0,0.06,4.278,18.77,0,0.02,2.95,17.98,0,0.075,4.863,17.44,0,0.084,5.2,16.75,0,0.013,2.758,15.75,0,0,1.086,14.1,0
"2020-08-23 03:00:00",278,0.001,2.416,14.13,0,0.028,3.204,17.83,0,0.039,3.559,19.2,0,0.06,4.302,18.75,0,0.018,2.903,18.01,0,0.073,4.762,17.46,0,0.084,5.197,16.72,0,0.01,2.678,15.78,0,0,1.081,14.13,0
"2020-08-23 03:30:00",279,0.001,2.416,14.13,0,0.028,3.204,17.83,0,0.039,3.559,19.2,0,0.06,4.302,18.75,0,0.018,2.903,18.01,0,0.073,4.762,17.46,0,0.084,5.197,16.72,0,0.01,2.678,15.78,0,0,1.081,14.13,0
"2020-08-23 04:00:00",280,0.004,2.493,13.23,0,0.03,3.28,17.28,0,0.039,3.579,19.07,0,0.055,4.129,18.72,0,0.021,2.992,18.06,0,0.075,4.869,17.49,0,0.085,5.256,16.72,0,0.013,2.741,15.75,0,0,1.108,14.08,0
"2020-08-23 04:30:00",281,0.004,2.493,13.23,0,0.03,3.28,17.28,0,0.039,3.579,19.07,0,0.055,4.129,18.72,0,0.021,2.992,18.06,0,0.075,4.869,17.49,0,0.085,5.256,16.72,0,0.013,2.741,15.75,0,0,1.108,14.08,0
"2020-08-23 05:00:00",282,0.003,2.458,12.49,0,0.031,3.303,16.78,0,0.037,3.5,18.85,0,0.06,4.3,18.69,0,0.019,2.939,18.09,0,0.074,4.833,17.46,0,0.08,5.053,16.72,0,0.013,2.76,15.73,0,0,1.085,14.08,0
"2020-08-23 05:30:00",283,0.003,2.458,12.49,0,0.031,3.303,16.78,0,0.037,3.5,18.85,0,0.06,4.3,18.69,0,0.019,2.939,18.09,0,0.074,4.833,17.46,0,0.08,5.053,16.72,0,0.013,2.76,15.73,0,0,1.085,14.08,0
"2020-08-23 06:00:00",284,0,2.376,11.9,0,0.029,3.243,16.35,0,0.039,3.563,18.67,0,0.06,4.301,18.61,0,0.021,2.982,18.09,0,0.076,4.891,17.46,0,0.081,5.111,16.75,0,0.012,2.733,15.73,0,0,1.121,14.08,0
"2020-08-23 06:30:00",285,0,2.376,11.9,0,0.029,3.243,16.35,0,0.039,3.563,18.67,0,0.06,4.301,18.61,0,0.021,2.982,18.09,0,0.076,4.891,17.46,0,0.081,5.111,16.75,0,0.012,2.733,15.73,0,0,1.121,14.08,0
"2020-08-23 07:00:00",286,0.001,2.408,11.4,0,0.03,3.261,15.9,0,0.04,3.593,18.45,0,0.058,4.217,18.56,0,0.022,3.007,18.06,0,0.073,4.787,17.49,0,0.079,5.031,16.78,0,0.013,2.749,15.73,0,0,1.158,14.13,0
"2020-08-23 07:30:00",287,0.001,2.408,11.4,0,0.03,3.261,15.9,0,0.04,3.593,18.45,0,0.058,4.217,18.56,0,0.022,3.007,18.06,0,0.073,4.787,17.49,0,0.079,5.031,16.78,0,0.013,2.749,15.73,0,0,1.158,14.13,0
"2020-08-23 08:00:00",288,0.001,2.425,11.34,0,0.029,3.24,15.55,0,0.037,3.494,18.24,0,0.058,4.221,18.53,0,0.02,2.95,18.09,0,0.072,4.736,17.52,0,0.081,5.089,16.78,0,0.012,2.71,15.73,0,0,1.065,14.13,0
"2020-08-23 08:30:00",289,0.001,2.425,11.34,0,0.029,3.24,15.55,0,0.037,3.494,18.24,0,0.058,4.221,18.53,0,0.02,2.95,18.09,0,0.072,4.736,17.52,0,0.081,5.089,16.78,0,0.012,2.71,15.73,0,0,1.065,14.13,0
"2020-08-23 09:00:00",290,0,2.347,12.58,0,0.03,3.281,15.41,0,0.041,3.615,18.09,0,0.062,4.354,18.43,0,0.02,2.967,18.06,0,0.076,4.89,17.52,0,0.08,5.068,16.78,0,0.015,2.815,15.73,0,0,1.093,14.1,0
"2020-08-23 09:30:00",291,0,2.347,12.58,0,0.03,3.281,15.41,0,0.041,3.615,18.09,0,0.062,4.354,18.43,0,0.02,2.967,18.06,0,0.076,4.89,17.52,0,0.08,5.068,16.78,0,0.015,2.815,15.73,0,0,1.093,14.1,0
